1 1
0.9307936892340424 1
0.8582572248182861 1
0.7864735691122868 1
0.7156975481469492 1
0.6460780170830951 1
0.5776576475240074 1
0.5103988604972072 1
0.44421270006801 1
0.3789810244860613 1
0.31457115053992074 1
0.2508446041159978 1
0.1876618633737856 1
0.12488456516062309 1
0.06237617681267992 1
1.7772832801475741e-06 1
-0.06237264368746072 1
-0.12488109637444118 1
-0.18765850181216107 1
-0.25084139244560716 1
-0.3145681306773432 1
-0.37897823656232615 1
-0.44421018067495355 1
-0.5103966400008776 1
-0.5776557463452477 1
-0.6460764412500071 1
-0.7156962854228466 1
-0.7864725889827511 1
-0.8582564890363217 1
-0.9307931910666968 1
-1 1
-1 0.9307967730923508
-1 0.858261759393834
-1 0.7864789613380401
-1 0.7157033403199137
-1 0.6460838225958059
-1 0.5776631478457134
-1 0.5104038013554796
-1 0.4442168838094444
-1 0.3789843011946285
-1 0.31457340981934573
-1 0.2508457683440834
-1 0.18766188258501054
-1 0.12488341343424018
-1 0.062373849966162145
-1 -1.7083178984098379e-06
-1 -0.06237725135149384
-1 -0.12488676843974268
-1 -0.18766515820740043
-1 -0.2508489285049884
-1 -0.3145764142747741
-1 -0.378987104687031
-1 -0.4442194357080066
-1 -0.5104060462134269
-1 -0.577665027574287
-1 -0.6460852813004232
-1 -0.7157043331699271
-1 -0.7864794690100909
-1 -0.8582618105391463
-1 -0.9307964940355141
-1 -1
-0.9307949319743133 -1
-0.8582594340118782 -1
-0.7864764340858527 -1
-0.7157007384784038 -1
-0.6460812275878781 -1
-0.5776606223165702 -1
-0.5104013970730351 -1
-0.44421464361094204 -1
-0.3789822595653789 -1
-0.31457159358318076 -1
-0.2508441977358266 -1
-0.1876605725782429 -1
-0.12488237512162256 -1
-0.06237309181649061 -1
2.179457299190677e-06 -1
0.062377429604059474 -1
0.1248866486787048 -1
0.18766473633711458 -1
0.25084820232091715 -1
0.3145753849863627 -1
0.37898577919191273 -1
0.4442178296934539 -1
0.5104041881093659 -1
0.5776629632580844 -1
0.6460830792290895 -1
0.7157020893645512 -1
0.7864773116281425 -1
0.8582599076966144 -1
0.9307951012885343 -1
1 -1
1 -0.9307968355685052
1 -0.8582624036129954
1 -0.7864802289074394
1 -0.7157051988772445
1 -0.6460862238854902
1 -0.57766604567345
1 -0.5104071556986807
1 -0.4442206596956205
1 -0.37898846634768585
1 -0.3145779325922641
1 -0.25085061627057953
1 -0.1876670214358666
1 -0.12488880655739541
1 -0.06237945770952898
1 -4.070751149181543e-06
1 0.06237134869560105
1 0.12488079538744874
1 0.18765917461220022
1 0.2508430022415233
1 0.31457062260705326
1 0.37898153538940194
1 0.4442141874949684
1 0.510401227759261
1 0.5776607540416149
1 0.6460816669403228
1 0.7157014785168947
1 0.7864774421019283
1 0.8582606237265417
1 0.9307960742648224
